35.2,43.2,74.8,98.8,173.6,2.18,0.47,1.65,44,56,96,122,214,2.78,0.51,1.83,26,34,54,82,136,1.86,0.45,1.49,cjn
33.2,49.2,74.4,128.8,203.2,2.57,0.44,1.47,44,60,90,148,238,2.88,0.52,1.68,20,34,68,104,172,2.07,0.4,1.28,cjn
28.8,53.6,72.0,121.2,193.2,2.79,0.5,1.51,34,80,84,152,224,3.77,0.62,1.99,22,24,64,86,162,1.89,0.41,1.06,cjn
33.2,36.8,75.2,114.0,189.2,1.97,0.41,1.33,36,48,92,128,206,2.96,0.45,1.61,30,28,66,102,168,1.4,0.37,1.23,cjn
36.4,45.2,79.6,118.8,198.4,2.23,0.44,1.4,46,56,96,132,222,2.93,0.5,1.62,30,26,62,100,162,1.95,0.36,1.15,cjn
42.0,38.0,81.6,118.0,199.6,2.16,0.39,1.32,70,46,106,124,230,2.31,0.45,1.46,30,28,66,112,188,1.85,0.32,1.22,cjn
31.2,38.4,73.6,105.6,179.2,2.11,0.45,1.42,36,44,86,120,196,3.01,0.5,1.64,24,30,62,92,160,1.43,0.41,1.16,cjn
30.8,38.4,74.0,114.0,188.0,2.01,0.43,1.26,36,46,82,124,204,2.34,0.45,1.43,24,28,62,90,158,1.8,0.38,1.08,cjn
31.6,38.0,66.8,101.2,168.0,2.02,0.43,1.38,42,54,90,120,200,2.46,0.51,1.7,22,28,54,80,140,1.8,0.37,1.0,cjn
30.4,34.4,70.4,107.6,178.0,2.1,0.42,1.33,44,40,92,114,194,2.37,0.52,1.57,26,30,58,98,160,1.87,0.36,1.21,cjn
29.2,44.8,71.2,114.4,185.6,2.16,0.47,1.26,40,52,92,128,206,2.51,0.54,1.76,24,36,56,90,160,1.95,0.41,0.88,cjn
29.2,41.6,66.8,128.0,194.8,2.52,0.41,1.33,38,52,82,164,226,2.71,0.44,1.57,18,36,52,96,148,2.3,0.37,0.98,cjn
42.0,56.8,89.6,138.4,228.0,2.44,0.46,1.66,60,78,100,164,254,2.84,0.52,1.79,26,46,76,126,206,2.05,0.4,1.49,cjn
42.4,48.8,86.0,126.8,212.8,2.19,0.43,1.55,56,62,100,142,226,3.08,0.5,1.76,34,30,70,108,178,1.6,0.36,1.32,cjn
37.2,46.4,93.6,118.0,211.6,1.99,0.48,1.62,56,50,106,132,228,2.94,0.57,1.91,26,40,78,108,196,1.25,0.42,1.49,cjn
34.4,40.8,74.4,112.0,186.4,2.17,0.44,1.53,58,46,90,122,212,2.52,0.5,1.71,28,36,62,102,164,1.74,0.34,1.41,cjn
30.4,40.8,70.8,105.6,176.4,3.69,0.46,2.22,34,58,84,120,190,4.59,0.52,2.54,26,26,64,86,150,2.61,0.39,2.03,lmx
27.6,48.8,62.4,107.6,170.0,4.43,0.5,2.24,30,54,74,120,184,6.07,0.55,2.91,24,40,52,72,124,3.21,0.44,1.52,lmx
29.2,47.2,62.8,108.4,171.2,4.03,0.47,2.13,32,68,66,128,192,5.13,0.54,2.26,24,32,58,94,160,3.5,0.39,1.9,lmx
28.0,58.0,65.6,125.2,190.8,5.17,0.5,2.35,30,76,74,136,210,7.26,0.57,3.1,24,46,58,120,178,4.11,0.44,1.89,lmx
29.6,56.4,66.4,125.6,192.0,5.26,0.48,2.68,32,98,72,148,220,6.61,0.66,4.73,24,34,60,96,168,3.66,0.38,1.76,lmx
36.4,45.2,69.2,125.6,194.8,3.4,0.4,1.78,44,70,80,138,218,3.96,0.5,1.87,30,32,58,118,176,2.66,0.33,1.64,lmx
29.6,40.8,69.2,115.2,184.4,3.23,0.43,1.92,44,56,74,130,204,3.75,0.55,2.67,24,34,56,104,172,2.44,0.36,1.57,lmx
31.6,28.0,64.4,94.0,158.4,3.57,0.38,2.42,38,34,74,102,174,4.65,0.43,3.02,24,22,54,84,144,2.87,0.35,1.57,lmx
28.0,32.8,58.8,101.2,160.0,3.82,0.4,2.16,32,52,70,112,168,4.46,0.51,3.11,26,22,54,86,150,2.81,0.33,1.63,lmx
28.0,31.6,57.6,96.8,154.4,3.77,0.4,2.09,32,38,66,108,170,5.39,0.44,2.69,24,22,52,84,136,3.08,0.34,1.67,lmx
33.2,36.0,70.4,109.6,180.0,4.23,0.41,2.4,40,44,76,112,188,5.98,0.45,3.2,26,26,56,106,162,2.78,0.35,1.41,lmx
32.8,39.2,70.8,128.0,198.8,4.15,0.39,2.1,40,44,80,132,210,5.31,0.41,2.74,24,32,60,122,184,3.2,0.33,1.74,lmx
32.8,44.4,72.4,120.4,192.8,4.05,0.44,2.28,42,58,82,132,210,4.6,0.46,3.22,28,32,66,104,176,3.68,0.42,1.75,lmx
30.4,34.0,72.4,107.6,180.0,4.3,0.42,2.57,36,48,94,118,194,6.73,0.59,3.47,28,22,62,100,168,2.88,0.33,1.91,lmx
33.6,44.4,74.0,119.6,193.6,4.52,0.44,2.54,40,52,82,142,220,5.01,0.46,3.26,26,40,68,100,170,3.73,0.42,2.09,lmx
32.4,47.2,66.8,122.4,189.2,4.64,0.43,2.21,40,78,74,156,230,6.25,0.5,3.18,24,32,58,100,168,3.5,0.37,1.78,lmx
36.4,34.8,72.8,119.6,192.4,3.84,0.37,2.22,40,48,82,134,216,5.66,0.42,2.98,32,24,66,106,172,2.83,0.34,1.8,lmx
44.0,44.0,80.4,130.0,210.4,2.88,0.38,1.74,48,50,92,154,246,2.99,0.4,1.87,38,36,64,110,174,2.61,0.37,1.6,yxd
40.0,44.4,80.8,119.6,200.4,2.53,0.43,1.78,46,54,88,122,206,2.77,0.49,1.97,30,38,74,118,192,2.22,0.37,1.65,yxd
43.2,43.6,84.0,114.8,198.8,2.12,0.42,1.64,58,60,110,146,230,2.44,0.53,1.85,32,36,70,86,172,1.85,0.37,1.42,yxd
42.0,48.4,85.2,139.2,224.4,2.54,0.41,1.72,56,68,116,186,302,3.04,0.49,2.09,30,40,68,110,178,2.09,0.36,1.45,yxd
50.4,40.8,84.4,130.8,215.2,2.38,0.34,1.69,56,50,110,150,260,2.8,0.4,1.84,44,30,72,114,186,2.07,0.29,1.55,yxd
40.4,38.4,79.2,128.8,208.0,2.3,0.37,1.62,46,44,84,136,220,2.99,0.42,1.94,34,36,72,118,190,1.81,0.33,1.43,yxd
45.6,41.6,82.8,134.0,216.8,2.54,0.37,1.67,62,48,90,158,248,2.97,0.43,2.04,38,34,74,112,190,2.21,0.27,1.49,yxd
42.4,42.8,84.0,138.0,222.0,2.51,0.38,1.66,50,52,94,148,242,2.89,0.42,1.73,32,36,76,130,208,2.11,0.34,1.61,yxd
39.2,40.0,77.6,122.4,200.0,2.67,0.4,1.8,42,48,88,138,218,3.49,0.45,2.21,32,30,60,106,166,1.93,0.36,1.53,yxd
42.0,44.8,85.2,139.6,224.8,2.46,0.39,1.58,48,56,92,152,242,3.01,0.44,1.75,38,34,74,128,216,2.04,0.35,1.4,yxd
40.0,44.0,76.4,132.8,209.2,2.68,0.38,1.69,46,50,80,142,222,3.18,0.41,1.88,34,40,70,116,186,2.24,0.36,1.51,yxd
41.2,38.4,73.2,118.0,191.2,2.49,0.37,1.65,50,52,78,126,204,3.03,0.46,1.83,34,32,68,106,174,2.0,0.3,1.46,yxd
40.4,42.8,77.6,128.8,206.4,2.85,0.39,1.93,48,46,92,138,230,3.71,0.42,2.27,34,38,64,116,180,2.22,0.35,1.75,yxd
41.2,40.8,84.0,123.2,207.2,2.79,0.41,2.02,50,54,92,140,230,3.42,0.48,2.75,36,34,68,92,160,2.57,0.34,1.78,yxd
40.4,39.2,76.8,125.6,202.4,2.8,0.38,1.92,48,44,96,154,250,3.78,0.41,2.33,36,34,68,100,168,2.46,0.35,1.77,yxd
42.4,38.8,79.6,119.2,198.8,2.56,0.38,1.79,50,42,86,132,206,3.35,0.45,2.17,34,34,74,110,184,2.04,0.34,1.55,yxd
44.4,40.0,80.0,123.6,203.6,2.76,0.37,1.83,56,50,86,132,210,3.32,0.41,2.0,38,30,72,116,196,2.36,0.28,1.59,yxd
41.2,39.2,74.0,115.6,189.6,2.84,0.38,1.92,46,54,94,136,230,3.22,0.49,2.12,38,30,60,90,150,2.35,0.31,1.76,yxd
40.0,37.6,78.4,120.0,198.4,2.66,0.39,1.86,46,48,84,134,218,3.2,0.44,2.04,34,28,70,94,164,2.42,0.32,1.73,yxd
36.8,37.6,74.4,113.6,188.0,2.74,0.4,1.94,44,48,88,132,220,3.09,0.45,2.17,30,32,66,96,166,2.47,0.35,1.85,yxd
34.8,42.4,76.4,107.6,184.0,2.54,0.46,2.0,40,48,82,122,196,2.85,0.53,2.25,32,36,70,94,166,2.17,0.39,1.76,yxd
42.8,44.0,79.2,122.8,202.0,2.63,0.4,1.92,50,52,90,136,218,2.95,0.44,2.18,36,38,66,100,166,2.25,0.37,1.71,yxd
42.8,44.8,82.4,137.2,219.6,2.47,0.38,1.61,50,52,88,150,238,2.86,0.44,1.8,38,40,76,122,204,2.21,0.32,1.38,yxd
38.4,42.4,68.4,122.4,190.8,2.86,0.38,1.68,42,48,82,138,218,3.41,0.43,1.91,32,36,60,104,164,2.18,0.35,1.51,yxd
41.6,41.6,79.6,133.6,213.2,2.68,0.37,1.8,46,48,88,144,226,3.32,0.42,2.37,38,38,72,124,200,2.16,0.33,1.53,yxd
43.2,39.6,80.4,134.4,214.8,2.72,0.36,1.7,48,42,90,142,224,2.86,0.41,1.81,34,36,66,130,196,2.53,0.33,1.6,yxd
38.8,42.0,80.4,140.8,221.2,2.85,0.38,1.74,42,46,84,146,224,3.32,0.4,1.99,36,38,76,136,218,2.52,0.32,1.54,yxd
41.6,41.6,78.0,134.0,212.0,2.74,0.37,1.62,48,46,88,148,236,3.1,0.39,1.74,38,36,68,120,190,2.25,0.32,1.54,yxd
40.4,43.6,79.6,144.4,224.0,2.59,0.37,1.52,44,52,88,164,250,3.32,0.41,1.9,38,38,72,124,196,2.07,0.33,1.36,yxd
41.6,40.4,81.2,145.6,226.8,2.69,0.35,1.61,44,48,92,168,260,3.35,0.4,1.94,36,32,72,130,204,2.12,0.3,1.47,yxd
42.8,46.0,77.2,130.8,208.0,2.86,0.39,1.78,48,56,82,148,224,3.11,0.44,1.96,38,32,72,116,194,2.44,0.32,1.66,yxd
