36.8,49.2,71.2,146.8,218.0,2.78,0.38,1.24,44,58,78,156,234,3.38,0.42,1.46,34,38,68,134,204,2.2,0.34,1.06,1
38.4,47.6,78.8,172.8,251.6,2.38,0.35,1.05,50,56,104,220,296,3.08,0.4,1.28,32,38,70,156,228,0.9,0.25,0.6,1
37.2,52.0,81.2,157.2,238.4,2.47,0.4,1.09,54,68,124,166,290,2.81,0.48,1.25,32,44,66,152,222,2.33,0.34,1.02,1
33.6,47.6,74.4,159.6,234.0,2.63,0.38,1.15,36,58,82,168,244,2.96,0.43,1.25,30,40,68,148,222,2.46,0.33,1.08,1
35.2,48.8,76.8,156.0,232.8,2.65,0.39,1.12,42,58,88,162,250,2.89,0.43,1.23,32,40,70,150,224,2.42,0.35,1.01,1
37.2,46.0,77.2,147.6,224.8,2.62,0.38,1.14,40,50,88,156,236,2.98,0.4,1.21,36,42,68,140,208,2.19,0.36,1.04,1
34.0,230.0,331.2,278.0,609.2,1.21,0.79,1.34,42,326,514,366,880,2.61,0.91,3.42,30,34,66,144,210,0.19,0.33,0.4,1
33.2,161.2,220.0,244.8,464.8,1.78,0.57,1.04,38,418,512,444,956,3.24,0.94,1.35,28,28,64,152,216,0.36,0.28,0.72,1
34.8,46.8,70.0,160.8,230.8,2.51,0.36,1.08,44,58,72,174,244,2.85,0.42,1.3,30,38,68,150,220,1.88,0.27,0.9,1
38.0,44.4,73.6,146.0,219.6,2.57,0.36,1.18,44,48,80,154,232,3.01,0.39,1.33,34,40,64,134,212,2.32,0.34,1.02,1
37.2,46.0,78.8,144.0,222.8,2.55,0.39,1.21,48,56,94,168,250,2.84,0.45,1.34,34,26,68,120,188,2.33,0.32,1.14,1
35.6,48.8,80.4,156.4,236.8,2.47,0.39,1.15,40,76,108,168,276,2.76,0.54,1.26,34,38,66,144,212,2.2,0.33,1.08,1
34.4,42.4,76.4,156.4,232.8,2.56,0.36,1.13,38,46,82,162,236,2.76,0.39,1.19,32,38,72,152,224,2.42,0.35,1.06,1
33.6,45.2,69.2,138.8,208.0,2.53,0.39,1.19,36,50,74,152,222,2.7,0.41,1.26,30,38,60,126,186,2.2,0.37,1.11,1
36.8,52.4,79.6,160.4,240.0,2.76,0.4,1.15,40,56,84,168,246,3.0,0.41,1.19,34,48,74,152,234,2.38,0.39,1.09,1
34.0,57.6,77.6,163.6,241.2,2.87,0.42,1.13,44,70,92,172,264,3.1,0.45,1.15,28,44,70,154,226,2.66,0.36,1.1,1
34.8,57.2,74.8,159.6,234.4,2.83,0.41,1.15,36,66,80,164,242,3.09,0.45,1.18,32,50,70,154,228,2.73,0.39,1.09,1
38.0,102.0,164.4,178.4,342.8,1.72,0.58,1.05,42,200,318,230,548,2.82,0.88,1.22,36,46,76,140,216,0.36,0.37,0.87,1
34.4,44.4,72.0,150.8,222.8,2.67,0.37,1.18,38,54,76,158,234,2.77,0.42,1.27,32,38,64,146,212,2.61,0.33,1.11,1
36.0,49.2,76.8,154.4,231.2,2.66,0.39,1.13,44,58,86,160,242,2.79,0.42,1.2,32,40,68,150,224,2.58,0.36,1.09,1
37.2,182.8,227.2,272.4,499.6,2.19,0.5,1.11,42,712,836,744,1580,2.71,0.95,1.2,32,42,70,148,220,0.35,0.37,0.93,1
33.6,49.2,72.4,153.6,226.0,2.8,0.39,1.13,36,56,74,156,230,3.14,0.41,1.19,32,44,70,150,222,2.56,0.37,1.1,1
33.6,54.8,75.6,158.8,234.4,2.78,0.41,1.12,38,72,86,166,252,3.1,0.5,1.15,32,44,68,152,222,2.61,0.36,1.08,1
34.8,51.2,75.6,154.4,230.0,2.74,0.4,1.14,38,66,80,160,238,2.94,0.45,1.17,32,34,70,140,216,2.41,0.32,1.1,1
38.4,54.8,79.6,156.8,236.4,2.64,0.41,1.18,44,62,86,166,252,2.98,0.44,1.23,32,46,72,148,230,2.1,0.37,1.12,1
35.2,54.4,77.2,160.4,237.6,2.9,0.41,1.13,40,62,82,172,254,3.16,0.44,1.17,32,48,68,152,226,2.65,0.36,1.1,1
32.8,55.2,72.4,145.6,218.0,2.74,0.43,1.15,36,64,76,156,228,3.1,0.47,1.38,30,46,66,134,210,2.42,0.41,1.04,1
33.6,54.0,78.8,162.8,241.6,2.87,0.41,1.14,38,60,84,172,252,3.1,0.43,1.28,32,48,76,156,232,2.34,0.4,0.99,1
34.8,62.0,81.6,170.0,251.6,2.95,0.43,1.14,38,72,86,184,264,3.27,0.45,1.25,32,54,74,164,238,2.47,0.41,1.07,1
30.8,54.4,75.2,165.2,240.4,3.07,0.41,1.14,34,62,82,176,250,3.26,0.45,1.24,28,46,72,154,226,2.74,0.38,1.09,1
32.8,58.0,75.2,170.0,245.2,3.08,0.41,1.19,40,62,84,176,256,3.34,0.43,1.22,28,54,66,164,230,2.8,0.4,1.16,1
32.8,56.4,76.4,170.0,246.4,2.93,0.41,1.13,38,62,84,180,258,3.45,0.42,1.19,30,52,72,164,240,2.71,0.38,1.07,1
42.0,195.2,274.0,257.6,531.6,1.36,0.69,1.0,56,530,638,562,1200,2.96,0.93,1.15,34,52,78,150,228,0.35,0.39,0.87,1
48.8,50.4,92.4,159.2,251.6,2.64,0.37,1.15,98,66,152,168,320,2.98,0.41,1.26,30,42,70,152,222,2.22,0.35,1.07,1
36.0,52.4,77.6,155.6,233.2,2.77,0.4,1.16,38,60,90,166,256,3.0,0.44,1.18,34,48,70,148,220,2.69,0.38,1.15,1
37.2,59.6,81.6,162.4,244.0,2.84,0.42,1.15,60,74,118,176,294,3.27,0.45,1.22,28,48,72,150,222,2.33,0.39,1.04,1
40.4,58.0,85.6,165.2,250.8,2.9,0.41,1.17,76,64,140,188,328,3.07,0.44,1.22,30,52,62,152,214,2.65,0.39,1.11,1
38.8,87.6,122.4,167.2,289.6,2.04,0.53,1.08,54,176,292,208,500,3.16,0.83,1.21,30,48,68,148,216,0.43,0.38,0.91,1
35.2,53.2,79.2,163.6,242.8,2.8,0.4,1.15,44,56,94,180,260,3.1,0.41,1.26,32,50,74,150,224,2.45,0.39,1.08,1
34.8,58.8,77.6,166.4,244.0,2.99,0.42,1.16,38,70,78,184,262,3.38,0.47,1.26,32,52,76,156,234,2.73,0.39,1.08,1
53.2,49.6,100.4,162.0,262.4,2.6,0.36,1.51,78,76,124,190,294,2.85,0.51,1.76,40,30,76,130,218,2.29,0.26,1.35,10
45.2,52.4,100.4,168.8,269.2,2.82,0.4,1.41,50,74,122,182,288,3.13,0.46,1.54,42,34,92,160,256,2.52,0.32,1.28,10
42.0,60.4,96.0,183.6,279.6,3.39,0.41,1.44,52,102,100,210,310,4.1,0.52,1.68,36,38,94,150,244,2.69,0.36,1.3,10
38.0,59.6,84.0,174.0,258.0,3.4,0.4,1.38,44,92,92,202,294,3.91,0.5,1.53,36,34,72,140,212,2.78,0.29,1.32,10
44.4,51.2,89.2,166.0,255.2,3.2,0.38,1.49,50,70,100,184,284,3.41,0.43,1.59,40,34,76,138,214,2.98,0.32,1.43,10
40.8,51.2,101.6,168.8,270.4,3.04,0.41,1.55,50,58,114,188,292,3.43,0.44,1.72,34,46,86,160,252,2.84,0.37,1.4,10
40.0,66.4,86.8,175.2,262.0,3.49,0.42,1.56,42,114,104,220,324,3.79,0.56,1.73,38,42,78,154,234,3.26,0.33,1.42,10
41.2,40.0,70.0,141.2,211.2,2.49,0.32,1.28,44,76,78,168,246,3.21,0.45,1.49,38,26,62,128,200,2.11,0.25,1.17,10
37.6,49.2,76.0,162.4,238.4,2.86,0.36,1.23,40,66,82,176,254,2.93,0.43,1.33,36,30,66,140,206,2.64,0.27,1.13,10
40.0,46.0,71.6,143.2,214.8,2.54,0.36,1.31,44,64,80,166,246,2.88,0.43,1.46,34,26,60,120,180,2.16,0.29,1.16,10
38.8,32.8,68.8,136.8,205.6,2.55,0.31,1.29,44,44,70,146,216,3.0,0.41,1.51,32,28,66,128,198,2.28,0.25,1.19,10
41.2,45.6,72.4,152.4,224.8,2.64,0.34,1.25,44,64,86,176,262,3.26,0.41,1.34,38,30,66,132,200,2.12,0.28,1.18,10
42.0,40.8,70.0,149.6,219.6,2.97,0.31,1.28,46,62,78,160,234,3.74,0.4,1.44,38,30,62,134,198,2.47,0.27,1.15,10
40.8,39.6,73.6,154.4,228.0,2.85,0.32,1.27,44,50,82,176,258,2.99,0.35,1.42,34,34,62,132,206,2.66,0.28,1.19,10
40.8,43.2,74.0,156.4,230.4,2.77,0.33,1.23,46,56,78,166,244,2.96,0.39,1.36,38,34,68,148,218,2.53,0.28,1.17,10
40.8,57.2,79.6,164.0,243.6,2.95,0.4,1.28,44,66,86,178,264,3.62,0.42,1.39,38,46,74,146,228,2.55,0.35,1.22,10
41.2,64.4,75.6,167.2,242.8,3.43,0.4,1.3,44,88,84,202,280,4.34,0.52,1.44,38,34,64,134,198,2.29,0.3,1.12,10
44.4,44.4,81.6,158.0,239.6,2.69,0.34,1.37,54,60,102,182,284,3.89,0.38,1.71,38,34,70,150,220,2.26,0.29,1.18,10
45.6,91.2,166.8,170.0,336.8,1.57,0.53,1.05,68,194,296,224,520,2.75,0.88,1.32,32,30,76,146,228,0.29,0.29,0.63,10
41.2,44.8,72.8,148.4,221.2,2.71,0.34,1.31,42,58,88,172,260,3.21,0.4,1.51,38,32,62,114,180,2.29,0.28,1.17,10
42.8,37.6,76.4,148.0,224.4,2.45,0.32,1.26,46,48,84,166,242,2.77,0.38,1.46,40,26,70,124,194,2.18,0.27,1.14,10
42.4,40.8,80.8,155.6,236.4,2.62,0.34,1.32,52,60,86,168,248,2.93,0.43,1.51,38,24,76,140,220,2.3,0.29,1.17,10
39.6,68.8,89.6,185.6,275.2,2.98,0.43,1.24,48,98,112,208,320,3.39,0.52,1.58,30,58,74,170,246,2.77,0.39,0.96,10
46.0,50.8,85.6,174.4,260.0,2.84,0.34,1.3,54,96,98,198,296,3.23,0.49,1.5,40,34,78,152,238,2.18,0.29,1.21,10
40.0,40.0,76.4,148.4,224.8,2.76,0.34,1.36,44,54,84,154,238,3.19,0.41,1.54,38,30,68,140,210,2.38,0.28,1.18,10
41.6,38.4,79.2,160.0,239.2,2.7,0.32,1.32,46,50,84,174,258,3.01,0.37,1.42,36,28,76,148,226,2.35,0.26,1.21,10
40.0,50.4,79.2,164.8,244.0,2.93,0.36,1.29,44,92,86,200,280,3.83,0.47,1.4,38,26,72,142,220,2.53,0.28,1.2,10
39.2,36.0,72.4,121.6,194.0,2.43,0.36,1.78,48,44,82,142,220,3.59,0.38,2.04,26,28,52,104,178,1.79,0.33,1.46,2
38.4,35.2,71.6,100.8,172.4,2.69,0.4,2.2,46,44,82,108,190,3.89,0.46,3.13,32,28,66,82,148,1.9,0.31,1.72,2
38.0,41.2,80.8,120.0,200.8,2.26,0.42,1.8,42,52,102,138,240,2.72,0.47,2.1,34,34,70,110,182,1.92,0.36,1.54,2
40.4,37.2,76.0,105.6,181.6,2.23,0.4,1.9,48,44,92,120,202,2.51,0.44,2.06,34,32,68,92,160,2.01,0.34,1.68,2
36.0,36.8,66.8,93.6,160.4,2.63,0.42,2.3,42,48,78,114,188,3.63,0.52,3.42,28,26,56,74,130,2.2,0.34,1.78,2
38.8,37.6,79.2,107.2,186.4,2.6,0.42,2.02,46,42,86,114,196,3.33,0.53,2.74,36,30,72,88,174,2.32,0.38,1.79,2
38.0,40.8,83.6,112.0,195.6,2.45,0.44,2.09,46,48,96,152,248,2.85,0.51,2.76,32,32,70,80,150,2.23,0.35,1.82,2
43.2,44.8,78.4,120.0,198.4,2.33,0.4,1.74,48,56,94,136,216,2.83,0.47,1.92,36,28,60,108,172,2.09,0.3,1.45,2
38.0,53.6,87.6,131.2,218.8,2.02,0.47,1.38,48,90,108,148,230,2.83,0.75,1.93,30,38,72,116,202,0.27,0.37,0.19,2
40.4,39.2,71.6,114.8,186.4,2.6,0.38,1.86,44,50,74,124,196,3.19,0.42,2.6,32,32,70,96,166,2.0,0.32,1.4,2
41.6,35.2,79.2,113.2,192.4,2.15,0.38,1.79,50,42,92,122,214,2.63,0.4,2.13,36,30,70,96,166,1.79,0.35,1.62,2
40.4,42.0,77.2,116.8,194.0,2.12,0.41,1.64,50,46,84,136,218,2.86,0.45,1.78,34,38,64,84,164,1.82,0.37,1.32,2
40.0,43.6,72.4,117.6,190.0,2.93,0.4,2.04,44,52,78,144,216,4.49,0.45,3.07,38,34,66,90,156,2.23,0.38,1.46,2
38.4,38.8,74.8,119.2,194.0,2.14,0.39,1.52,40,46,88,134,222,2.25,0.43,1.62,34,34,58,96,154,2.02,0.32,1.38,2
38.4,66.4,106.0,126.8,232.8,2.34,0.48,1.86,52,180,264,234,498,2.68,0.81,1.96,32,34,58,92,156,1.88,0.38,1.79,2
40.4,44.0,80.0,133.2,213.2,2.36,0.39,1.75,46,56,92,150,242,2.84,0.46,2.05,34,38,72,114,186,1.98,0.32,1.45,2
37.6,51.6,85.6,136.0,221.6,2.8,0.45,1.87,50,70,94,168,262,3.25,0.47,2.25,30,44,76,116,204,2.46,0.43,1.55,2
42.4,49.2,92.0,154.0,246.0,2.76,0.4,1.74,44,56,94,162,256,2.97,0.45,2.09,40,36,88,142,232,2.59,0.34,1.54,2
41.6,49.6,93.2,140.8,234.0,2.18,0.43,1.66,50,58,108,162,256,2.41,0.47,1.89,36,42,80,124,204,1.95,0.38,1.39,2
42.8,46.8,92.8,140.0,232.8,2.41,0.42,1.83,54,54,102,146,242,2.76,0.46,1.89,36,38,86,122,224,1.62,0.34,1.74,2
40.4,44.4,80.8,134.8,215.6,2.54,0.39,1.7,46,48,88,150,230,2.8,0.41,1.99,38,40,74,110,184,2.33,0.35,1.41,2
45.2,48.4,90.8,131.2,222.0,2.67,0.42,2.07,60,56,112,148,260,3.05,0.5,2.67,38,42,78,114,196,2.32,0.37,1.84,2
41.6,43.6,83.2,124.8,208.0,2.51,0.41,1.83,56,46,96,136,228,2.94,0.47,1.96,32,42,74,104,178,2.21,0.38,1.61,2
37.6,42.8,76.0,133.6,209.6,2.35,0.39,1.49,40,52,88,146,228,3.25,0.45,2.13,32,36,62,122,184,1.9,0.34,1.01,2
36.8,43.6,76.4,117.6,194.0,2.34,0.43,1.68,42,52,96,138,234,3.07,0.44,2.15,32,28,62,80,144,1.94,0.39,1.35,2
41.2,43.2,84.4,140.0,224.4,2.48,0.38,1.58,46,48,96,154,250,2.92,0.42,1.82,36,36,78,128,206,2.08,0.33,1.37,2
45.6,48.0,84.0,136.4,220.4,2.55,0.39,1.72,54,58,94,156,236,3.17,0.42,1.91,38,36,74,118,192,1.89,0.36,1.43,2
36.8,48.0,79.2,128.0,207.2,2.3,0.44,1.64,48,54,102,142,244,2.66,0.51,2.03,26,44,64,118,182,1.88,0.42,1.07,2
39.2,48.0,82.8,126.8,209.6,2.12,0.44,1.5,50,62,96,154,250,2.65,0.52,1.88,32,40,68,96,188,1.76,0.38,1.07,2
44.0,40.0,75.6,125.6,201.2,2.35,0.36,1.57,62,46,96,140,214,3.0,0.39,1.77,36,32,66,112,190,1.75,0.31,1.38,2
40.0,41.6,81.2,128.0,209.2,2.28,0.39,1.52,46,52,100,144,244,2.49,0.43,1.72,36,32,74,116,190,2.01,0.34,1.28,2
44.4,47.2,86.8,125.6,212.4,2.47,0.42,1.85,58,56,102,136,238,2.77,0.45,2.08,36,40,80,108,188,2.23,0.38,1.7,2
40.4,45.6,83.6,112.0,195.6,2.53,0.45,2.05,44,52,102,136,234,3.65,0.49,2.62,34,38,72,92,164,1.89,0.42,1.72,2
34.4,42.4,72.8,105.2,178.0,3.4,0.45,2.49,42,52,88,142,230,4.71,0.52,3.7,28,26,60,74,138,2.24,0.36,1.41,2
39.2,46.4,81.6,112.4,194.0,2.6,0.46,2.09,46,58,90,126,216,3.01,0.51,2.25,32,38,72,98,180,2.27,0.42,1.95,2
35.6,40.0,71.2,110.0,181.2,2.65,0.42,1.94,44,50,82,124,206,3.19,0.46,2.46,28,32,58,98,158,2.09,0.37,1.6,2
40.4,43.2,82.8,121.2,204.0,2.19,0.42,1.74,50,52,100,146,226,2.45,0.46,2.06,34,34,74,82,156,1.96,0.37,1.31,2
40.8,45.6,81.2,123.6,204.8,2.25,0.42,1.72,46,60,88,138,226,2.57,0.49,1.93,34,38,74,104,178,2.01,0.38,1.55,2
38.4,44.4,84.4,136.4,220.8,2.52,0.41,1.75,46,50,90,146,236,2.83,0.48,1.82,32,40,78,128,206,2.32,0.36,1.67,2
45.6,42.0,79.2,118.0,197.2,2.59,0.38,1.99,48,52,90,130,220,2.97,0.43,2.24,42,38,72,106,178,2.03,0.36,1.68,2
40.8,50.0,91.2,145.6,236.8,2.57,0.42,1.71,44,56,100,160,256,3.0,0.44,1.84,36,42,88,126,216,2.02,0.39,1.5,2
41.6,46.4,86.0,124.0,210.0,2.55,0.43,1.91,46,60,104,146,250,3.42,0.51,2.35,38,40,80,98,180,2.05,0.38,1.63,2
38.0,45.2,81.2,128.8,210.0,2.68,0.42,1.83,42,54,92,136,220,2.92,0.45,2.05,34,42,74,124,198,1.97,0.37,1.21,2
48.0,43.6,89.2,122.4,211.6,2.55,0.4,2.15,64,52,96,144,236,2.96,0.51,2.8,34,38,80,90,186,2.09,0.36,1.61,2
39.6,43.2,80.8,115.6,196.4,2.53,0.43,1.88,46,52,86,136,214,3.26,0.48,2.44,36,34,78,92,170,1.81,0.33,1.41,2
40.8,36.0,73.6,108.8,182.4,2.16,0.37,1.75,44,44,86,128,214,2.57,0.4,2.12,38,30,62,92,154,1.44,0.32,1.18,2
49.6,39.2,79.2,148.0,227.2,2.52,0.3,1.55,58,44,86,164,250,2.94,0.36,1.68,40,34,74,138,214,1.76,0.26,1.3,3
52.8,35.2,87.6,160.0,247.6,2.4,0.28,1.49,68,44,100,182,264,2.78,0.31,1.57,44,28,78,138,222,1.99,0.25,1.28,3
47.6,36.4,76.8,152.8,229.6,2.62,0.29,1.57,54,42,86,164,244,2.91,0.32,1.7,44,32,68,142,216,2.24,0.27,1.51,3
46.4,32.4,73.6,151.2,224.8,2.85,0.27,1.6,54,36,80,164,242,3.32,0.31,1.96,40,30,66,124,190,2.44,0.25,1.45,3
44.0,40.4,76.0,152.4,228.4,2.83,0.32,1.55,54,50,84,160,236,3.2,0.35,1.73,38,36,72,146,218,2.52,0.29,1.41,3
52.4,35.2,87.2,160.8,248.0,2.68,0.28,1.56,74,40,114,178,292,3.23,0.31,1.7,46,30,70,138,208,2.14,0.25,1.45,3
45.2,41.2,79.6,154.4,234.0,2.51,0.33,1.48,56,50,96,172,250,2.91,0.38,1.64,36,28,70,134,206,1.89,0.28,1.34,3
47.6,33.2,82.4,158.8,241.2,2.49,0.28,1.46,52,42,86,168,248,2.71,0.3,1.5,40,28,80,148,230,2.1,0.26,1.39,3
45.2,35.6,77.6,148.8,226.4,2.62,0.3,1.53,54,42,88,164,252,3.16,0.33,1.81,38,30,68,140,212,2.19,0.25,1.39,3
45.6,36.0,78.0,153.2,231.2,2.65,0.3,1.55,50,42,82,158,240,2.85,0.33,1.67,40,28,74,140,216,2.33,0.25,1.45,3
45.2,38.0,78.0,159.2,237.2,2.56,0.3,1.42,48,46,84,178,256,2.69,0.33,1.52,42,30,74,142,220,2.24,0.28,1.37,3
37.6,166.0,217.6,222.4,440.0,1.17,0.65,1.02,50,378,458,408,866,2.25,0.93,1.78,26,32,70,102,186,0.38,0.32,0.35,3
43.6,41.2,74.0,146.8,220.8,2.57,0.33,1.4,56,48,88,176,264,2.86,0.39,1.51,34,36,64,136,200,2.17,0.3,1.17,3
45.6,38.4,78.0,171.6,249.6,2.69,0.28,1.44,50,44,86,178,264,2.86,0.31,1.46,40,34,74,164,238,2.61,0.25,1.4,3
48.8,37.6,84.8,160.8,245.6,2.39,0.3,1.46,64,44,92,180,272,2.58,0.36,1.53,42,34,74,134,208,2.15,0.23,1.35,3
52.4,48.4,85.6,159.6,245.2,2.66,0.33,1.44,58,56,94,174,266,2.8,0.37,1.53,44,36,78,144,222,2.5,0.31,1.38,3
49.6,43.6,79.6,142.8,222.4,2.4,0.33,1.39,62,58,90,158,236,2.74,0.42,1.5,42,30,72,134,210,1.98,0.26,1.27,3
48.8,36.4,86.4,175.6,262.0,2.5,0.28,1.41,54,40,94,190,284,2.96,0.31,1.49,44,32,80,156,242,2.29,0.27,1.35,3
47.6,36.0,81.2,156.8,238.0,2.51,0.29,1.43,54,44,90,168,258,2.81,0.35,1.57,40,28,74,146,226,2.15,0.26,1.31,3
46.0,39.2,80.0,165.2,245.2,2.61,0.3,1.42,56,44,88,180,262,2.79,0.35,1.45,38,32,66,142,208,2.43,0.27,1.36,3
44.0,42.0,85.6,140.8,226.4,2.16,0.37,1.4,54,56,114,178,276,2.53,0.58,1.75,38,30,68,112,206,1.63,0.27,1.02,3
55.2,39.6,88.0,161.2,249.2,2.33,0.29,1.43,90,46,112,178,266,2.83,0.35,1.59,40,32,68,138,236,1.83,0.25,1.23,3
46.0,40.8,81.2,175.6,256.8,2.73,0.3,1.39,58,44,94,182,276,2.77,0.31,1.44,40,38,74,166,246,2.67,0.28,1.28,3
45.2,44.4,83.6,175.6,259.2,2.59,0.32,1.43,46,54,92,190,270,2.79,0.39,1.52,44,36,80,162,248,2.32,0.28,1.38,3
52.8,35.6,84.8,164.4,249.2,2.52,0.27,1.39,58,42,100,182,280,2.98,0.3,1.44,48,28,70,150,226,2.31,0.24,1.36,3
46.8,39.2,82.0,168.8,250.8,2.46,0.3,1.34,56,46,94,196,290,2.63,0.34,1.41,38,34,68,150,218,2.29,0.25,1.28,3
47.2,40.4,82.0,176.0,258.0,2.61,0.29,1.35,50,46,92,190,282,2.99,0.32,1.42,44,34,72,162,234,2.37,0.24,1.26,3
46.0,37.6,80.8,159.2,240.0,2.42,0.3,1.4,56,42,84,188,266,2.65,0.35,1.44,38,34,76,140,216,2.26,0.27,1.38,3
43.2,40.8,80.8,168.8,249.6,2.51,0.31,1.37,52,52,86,174,256,2.81,0.35,1.45,36,34,78,160,238,2.24,0.25,1.3,3
48.4,42.0,80.8,164.8,245.6,2.34,0.3,1.32,54,50,84,196,280,2.52,0.33,1.4,42,32,78,154,234,2.22,0.26,1.27,3
48.8,36.0,83.2,162.4,245.6,2.43,0.29,1.37,52,40,88,174,262,2.75,0.3,1.47,46,34,76,152,230,2.3,0.26,1.31,3
56.4,42.8,92.0,173.6,265.6,2.43,0.3,1.35,78,48,118,188,284,2.76,0.33,1.42,44,36,82,162,244,2.04,0.28,1.25,3
53.2,38.0,86.0,172.0,258.0,2.43,0.27,1.34,60,40,96,182,266,2.87,0.3,1.4,46,34,74,162,246,1.83,0.26,1.29,3
386.8,1390.8,1896.8,1491.2,3388.0,0.56,0.84,3.3,1758,1748,2574,2012,3738,0.93,0.98,13.41,40,384,1594,440,3014,0.29,0.4,0.2,4
42.0,76.8,120.8,185.2,306.0,2.11,0.49,1.04,58,152,200,244,444,2.29,0.66,1.07,32,46,86,162,248,1.77,0.4,0.97,4
45.2,68.4,111.6,174.4,286.0,2.14,0.45,1.08,68,118,166,232,398,2.38,0.55,1.16,36,36,80,140,222,1.87,0.34,1.02,4
42.0,57.6,95.6,169.2,264.8,2.33,0.41,1.09,46,78,112,186,294,2.64,0.5,1.11,38,42,82,156,238,1.97,0.34,1.04,4
46.0,551.6,630.0,642.0,1272.0,1.79,0.63,0.98,62,1450,1578,1486,3064,2.9,0.97,1.14,40,40,88,164,252,0.26,0.35,0.74,4
42.4,74.4,104.8,184.4,289.2,2.37,0.47,1.1,46,96,124,204,328,3.16,0.54,1.15,38,56,98,158,256,1.75,0.42,1.04,4
39.2,111.6,148.8,243.2,392.0,2.8,0.56,1.08,50,150,190,266,456,3.53,0.66,1.31,34,84,118,210,328,2.25,0.5,0.92,4
45.6,179.2,246.4,305.2,551.6,1.81,0.67,1.02,52,280,394,350,744,2.66,0.84,1.09,38,142,192,284,482,0.57,0.61,0.98,4
44.0,535.6,618.4,631.2,1249.6,1.31,0.74,1.02,50,2058,2198,2158,4356,2.02,0.97,1.1,36,96,134,200,334,0.49,0.58,0.95,4
50.0,51.6,100.8,143.2,244.0,1.93,0.4,1.38,64,100,146,160,288,2.18,0.77,2.0,24,36,82,136,220,1.56,0.29,1.12,5
46.0,45.2,78.0,136.0,214.0,1.98,0.36,1.22,52,54,86,164,246,2.21,0.43,1.45,34,32,64,106,170,1.69,0.31,1.03,5
56.8,37.6,87.2,117.6,204.8,1.61,0.33,1.36,76,46,104,130,226,1.89,0.4,1.51,46,30,74,98,192,1.34,0.29,1.23,5
49.6,47.6,88.4,135.2,223.6,1.83,0.39,1.26,78,58,112,178,260,2.41,0.47,1.39,34,40,74,118,192,1.45,0.34,1.16,5
49.2,38.4,88.4,134.8,223.2,1.87,0.35,1.3,62,46,112,154,240,2.22,0.39,1.5,42,34,78,124,212,1.52,0.32,1.17,5
43.2,38.4,75.2,135.2,210.4,2.02,0.33,1.26,48,48,86,156,242,2.18,0.36,1.58,38,30,66,112,186,1.72,0.29,1.15,5
46.4,40.0,79.2,133.2,212.4,2.03,0.35,1.24,52,52,92,152,236,2.33,0.45,1.48,42,34,68,90,170,1.54,0.28,1.13,5
49.6,48.0,84.0,148.4,232.4,2.02,0.35,1.17,56,66,96,168,264,2.3,0.41,1.26,42,38,66,130,196,1.53,0.32,1.1,5
50.4,36.8,84.8,125.6,210.4,2.33,0.34,2.39,58,42,112,154,240,3.31,0.47,7.19,44,28,70,62,174,1.79,0.27,1.14,5
46.4,42.8,80.8,139.2,220.0,2.1,0.35,1.29,50,58,88,172,260,2.35,0.39,1.76,40,34,72,88,168,1.92,0.33,1.03,5
45.6,42.4,75.2,135.6,210.8,2.03,0.34,1.27,48,48,84,148,224,2.26,0.38,1.44,40,38,64,124,192,1.83,0.3,1.03,5
46.8,47.2,84.0,152.0,236.0,2.16,0.35,1.18,52,64,90,184,272,2.44,0.4,1.3,42,32,70,132,202,2.03,0.3,1.12,5
50.4,32.8,78.8,140.0,218.8,1.89,0.28,1.13,54,40,80,154,232,2.16,0.31,1.24,46,30,76,122,200,1.67,0.26,1.08,5
49.6,42.8,78.8,141.6,220.4,2.03,0.33,1.14,54,48,84,156,236,2.23,0.37,1.25,46,36,72,120,200,1.75,0.27,1.06,5
49.6,36.8,77.6,130.8,208.4,1.96,0.31,1.17,60,42,88,142,228,2.17,0.34,1.28,42,34,68,112,184,1.66,0.29,1.09,5
47.6,34.4,72.8,131.6,204.4,2.01,0.29,1.13,54,42,78,138,210,2.21,0.34,1.27,44,30,70,122,194,1.9,0.26,1.07,5
45.2,38.4,73.2,125.2,198.4,2.15,0.33,1.38,50,48,78,144,222,2.47,0.37,2.01,40,30,68,104,178,2.04,0.31,1.12,5
44.4,33.6,71.2,130.4,201.6,2.17,0.3,1.34,48,44,74,138,212,3.09,0.34,2.03,42,22,66,122,194,1.67,0.25,1.06,5
53.6,84.4,115.2,176.8,292.0,2.67,0.5,1.43,64,126,138,226,364,3.59,0.55,1.79,36,54,92,142,234,1.64,0.44,1.24,6
58.0,53.6,90.4,156.8,247.2,2.33,0.35,1.35,72,64,102,170,264,3.02,0.38,1.45,44,36,76,124,200,1.77,0.33,1.27,6
58.4,42.4,92.0,146.4,238.4,2.06,0.32,1.37,68,58,102,164,260,2.64,0.35,1.47,44,32,72,134,206,1.79,0.3,1.22,6
55.2,71.2,104.8,165.6,270.4,2.07,0.45,1.48,74,86,114,180,294,2.34,0.5,1.66,44,54,90,152,242,1.69,0.4,1.29,6
51.6,69.2,96.0,161.2,257.2,2.29,0.44,1.46,60,86,106,194,292,2.72,0.46,1.8,42,54,76,124,200,1.63,0.4,1.26,6
50.8,95.2,146.4,162.8,309.2,2.19,0.53,1.67,66,238,372,274,646,3.3,0.84,2.45,38,34,76,98,174,0.37,0.39,0.75,6
31.2,537.2,594.0,579.2,1173.2,0.72,0.79,0.81,36,2014,2108,2040,4148,1.55,0.99,1.14,20,34,70,130,200,0.23,0.34,0.17,6
46.4,53.6,89.2,144.0,233.2,2.25,0.41,1.42,52,64,96,164,256,2.65,0.47,1.64,44,46,82,110,192,1.91,0.36,1.31,6
41.6,42.8,72.8,118.8,191.6,2.24,0.38,1.5,54,58,90,124,214,2.74,0.45,1.59,32,30,64,112,178,1.67,0.33,1.36,6
48.4,52.8,85.6,133.6,219.2,2.53,0.41,1.52,52,66,96,166,262,2.85,0.44,1.88,46,40,78,108,186,2.25,0.37,1.33,6
45.6,44.4,81.6,140.0,221.6,2.08,0.36,1.32,52,54,90,150,238,2.21,0.39,1.37,40,28,74,128,206,1.93,0.3,1.22,6
42.8,42.0,74.8,135.2,210.0,2.56,0.35,1.45,48,52,98,164,242,2.92,0.42,1.67,36,36,60,108,168,1.98,0.26,1.23,6
41.2,53.6,85.2,149.2,234.4,2.61,0.42,1.34,46,66,92,162,246,2.9,0.49,1.59,36,44,76,136,220,2.42,0.38,1.19,6
58.8,59.2,107.2,150.4,257.6,2.33,0.42,1.66,72,96,130,192,322,2.68,0.51,1.95,44,42,80,120,206,1.78,0.35,1.4,6
40.4,55.2,84.8,124.8,209.6,2.66,0.48,1.69,62,70,116,156,272,3.06,0.59,2.14,30,28,72,92,166,2.26,0.35,1.27,6
39.2,52.8,92.0,122.4,214.4,2.56,0.49,2.01,50,60,112,144,240,2.93,0.56,2.76,28,44,70,104,186,1.91,0.42,1.55,6
38.8,54.4,88.8,137.2,226.0,2.16,0.46,1.41,42,70,98,162,260,3.0,0.5,1.6,36,40,76,120,210,1.63,0.39,1.24,6
37.2,85.6,115.2,157.6,272.8,2.99,0.56,1.71,48,160,200,184,384,3.85,0.89,2.0,20,42,86,138,224,1.31,0.38,1.36,6
40.4,101.2,128.4,177.6,306.0,3.1,0.6,1.66,46,150,240,202,442,4.9,0.79,2.17,32,74,98,162,262,0.35,0.53,0.5,6
34.4,58.0,89.2,133.6,222.8,2.88,0.5,1.68,40,96,106,174,280,3.34,0.6,1.83,22,36,64,86,150,2.5,0.43,1.54,6
50.4,86.8,100.8,154.4,255.2,3.83,0.53,2.08,66,138,122,186,286,6.85,0.67,2.78,36,54,88,132,226,2.24,0.42,1.65,6
45.2,108.0,96.8,177.2,274.0,4.86,0.58,2.45,56,142,112,194,294,6.86,0.65,2.78,32,70,82,152,234,4.01,0.51,2.15,6
44.0,78.4,97.6,147.6,245.2,3.24,0.54,2.19,70,118,108,178,286,4.21,0.56,2.91,28,40,92,114,206,2.3,0.5,1.71,6
38.8,75.2,88.8,147.2,236.0,4.14,0.53,2.3,40,90,102,164,266,5.63,0.59,3.03,38,66,74,120,216,2.5,0.46,1.89,6
38.4,59.2,88.8,139.6,228.4,3.43,0.48,2.04,44,66,98,168,266,5.17,0.53,2.43,30,46,68,98,166,2.75,0.44,1.82,6
46.8,66.8,94.0,154.0,248.0,4.25,0.46,2.2,72,84,104,162,260,5.38,0.52,2.54,36,48,82,146,234,3.14,0.37,1.85,6
38.0,63.6,92.8,143.6,236.4,3.36,0.5,2.08,50,104,102,198,300,5.2,0.57,2.51,30,44,84,114,202,2.2,0.41,1.67,6
40.4,63.6,94.0,131.6,225.6,2.76,0.51,1.87,46,86,114,150,264,3.36,0.6,2.24,32,38,80,106,186,2.1,0.4,1.48,6
39.6,48.8,101.6,117.6,219.2,2.95,0.51,2.72,74,58,132,130,242,4.09,0.58,3.64,28,42,90,110,206,2.22,0.41,2.03,7
33.2,47.2,86.8,145.6,232.4,2.48,0.46,2.04,42,54,102,260,362,2.6,0.56,2.77,26,40,66,88,178,2.2,0.31,1.42,7
32.0,50.0,84.8,124.4,209.2,3.18,0.49,2.43,42,58,100,146,246,4.03,0.57,3.44,24,40,66,96,186,2.51,0.44,1.57,7
31.6,42.4,83.2,112.8,196.0,2.84,0.49,2.48,38,48,92,134,212,3.56,0.66,4.27,26,36,72,78,170,1.93,0.36,1.36,7
49.2,44.0,98.0,122.4,220.4,3.14,0.42,2.45,60,50,114,142,256,4.2,0.48,3.28,38,34,88,110,198,2.32,0.35,1.65,7
45.2,43.6,91.6,119.6,211.2,3.12,0.43,2.73,68,50,108,146,230,4.19,0.45,3.88,34,40,82,106,198,2.32,0.37,1.97,7
39.2,42.0,88.8,121.6,210.4,4.24,0.44,3.85,52,50,100,150,242,7.89,0.53,9.29,28,34,72,92,186,2.91,0.35,1.66,7
98.4,53.6,160.8,158.8,319.6,2.95,0.4,2.82,354,62,402,174,542,4.01,0.5,5.53,24,48,96,140,246,2.56,0.18,1.76,7
38.8,55.6,99.6,190.0,289.6,3.02,0.42,1.83,44,62,108,334,438,3.49,0.52,2.44,32,52,86,148,240,2.72,0.26,1.39,7
53.2,118.0,112.0,267.2,379.2,2.77,0.45,1.74,84,340,126,682,790,3.39,0.52,2.58,36,50,100,140,240,2.18,0.33,0.57,7
44.0,54.0,102.4,148.0,250.4,2.78,0.45,2.23,48,62,106,162,266,3.33,0.47,2.48,40,48,98,136,238,2.17,0.41,1.84,7
48.4,51.2,102.4,140.8,243.2,3.05,0.43,2.35,68,62,116,160,260,3.4,0.5,2.94,38,44,96,126,222,2.82,0.37,1.9,7
41.2,44.8,92.4,120.0,212.4,3.2,0.45,2.49,50,60,98,124,222,3.66,0.54,2.83,36,36,84,114,204,2.68,0.39,2.14,7
60.0,64.8,120.8,176.4,297.2,3.3,0.42,2.23,78,72,140,190,330,5.07,0.46,3.15,46,56,100,172,274,2.43,0.39,1.77,7
42.0,52.8,96.8,134.8,231.6,3.28,0.47,2.37,46,64,100,156,256,4.53,0.51,3.22,36,44,92,122,218,2.59,0.42,1.76,7
41.2,42.0,91.6,126.4,218.0,3.48,0.43,2.51,48,46,104,148,242,4.05,0.47,2.75,36,38,84,118,204,2.92,0.35,2.19,7
47.2,45.6,94.4,123.2,217.6,3.34,0.43,2.55,54,52,104,136,236,3.8,0.45,2.95,42,40,86,108,202,2.75,0.39,2.01,7
39.6,53.2,114.8,141.2,256.0,2.94,0.5,2.97,48,58,152,180,278,4.96,0.61,6.26,28,46,84,110,208,0.93,0.43,0.68,7
38.4,63.6,100.8,153.6,254.4,2.71,0.49,2.37,58,84,152,176,286,5.22,0.62,6.77,30,50,80,120,200,1.98,0.41,0.95,7
39.6,48.8,95.2,150.4,245.6,2.51,0.42,1.48,48,62,118,180,298,2.81,0.48,1.66,34,38,82,134,230,2.27,0.37,1.28,7
38.4,45.6,87.2,140.8,228.0,2.19,0.42,1.42,42,56,96,170,250,2.82,0.48,2.29,30,38,64,104,198,1.47,0.37,0.59,7
48.0,49.6,91.6,139.6,231.2,2.17,0.4,1.57,56,68,100,164,264,2.43,0.46,1.72,42,38,80,118,198,1.94,0.36,1.39,8
66.0,53.2,136.0,122.4,258.4,2.6,0.46,7.47,90,76,212,146,306,7.96,0.78,32.19,48,38,92,94,212,0.29,0.28,0.23,8
53.2,40.0,84.0,115.6,199.6,2.24,0.36,1.79,56,46,88,142,228,2.37,0.38,2.41,50,34,78,82,160,2.0,0.31,1.6,8
52.0,40.0,84.8,110.0,194.8,2.25,0.38,1.9,62,48,92,124,216,2.55,0.47,2.52,42,34,74,82,156,1.96,0.31,1.67,8
44.0,38.8,82.4,110.4,192.8,2.32,0.4,1.83,54,52,88,120,208,2.46,0.45,1.96,36,30,74,96,170,2.15,0.32,1.66,8
52.8,42.8,96.0,141.2,237.2,2.22,0.36,1.63,60,58,106,166,272,2.39,0.42,1.88,46,36,90,128,220,2.08,0.31,1.38,8
56.8,58.0,96.4,164.8,261.2,2.84,0.37,1.68,66,72,112,182,288,3.16,0.43,1.92,50,48,88,150,238,2.49,0.34,1.48,8
53.2,74.0,104.0,175.6,279.6,2.81,0.44,1.69,60,88,110,196,304,3.64,0.48,1.86,50,52,98,162,260,2.24,0.37,1.56,8
49.2,60.8,94.8,166.0,260.8,2.8,0.41,1.67,54,66,102,174,276,3.28,0.43,2.05,40,56,86,158,244,2.14,0.4,1.53,8
49.2,68.8,95.6,172.4,268.0,2.63,0.43,1.57,54,74,102,186,286,2.85,0.43,1.75,46,62,88,160,252,2.45,0.42,1.42,8
46.8,76.8,98.8,185.2,284.0,3.27,0.46,1.63,60,102,118,224,342,3.53,0.51,2.07,36,56,84,118,202,2.93,0.41,1.41,8
54.8,60.4,104.8,177.6,282.4,2.81,0.39,1.6,70,72,120,184,298,3.29,0.43,1.9,44,50,82,170,258,2.43,0.34,1.47,8
46.4,69.2,92.4,185.2,277.6,3.11,0.41,1.48,52,90,100,210,296,3.79,0.49,1.63,40,52,86,156,242,2.73,0.38,1.3,8
54.4,64.4,104.0,186.8,290.8,2.95,0.39,1.6,66,78,110,220,330,3.62,0.43,1.76,46,52,98,158,260,2.48,0.34,1.49,8
55.2,122.8,174.0,224.0,398.0,2.61,0.52,1.39,62,314,436,354,790,3.77,0.88,1.71,46,66,94,156,268,0.33,0.41,0.6,8
76.8,64.0,128.4,178.8,307.2,2.43,0.38,1.57,162,86,196,192,364,3.09,0.49,1.69,48,46,94,168,264,1.18,0.27,1.48,8
54.4,75.6,109.6,198.8,308.4,2.9,0.42,1.56,58,82,118,222,340,3.1,0.46,1.69,52,60,100,182,282,2.62,0.38,1.33,8
53.6,88.0,119.2,198.8,318.0,2.9,0.47,1.57,64,130,152,252,404,3.44,0.58,1.82,48,46,88,140,228,2.27,0.38,1.39,8
54.4,64.0,104.8,178.8,283.6,2.79,0.4,1.59,58,80,114,196,310,3.34,0.44,1.69,50,52,100,166,268,2.2,0.36,1.43,8
39.2,43.6,83.6,145.2,228.8,1.97,0.38,1.39,48,48,96,164,260,2.09,0.41,1.6,20,38,58,120,196,1.71,0.37,0.93,9
44.4,47.6,95.2,150.8,246.0,1.99,0.4,1.6,52,56,112,170,274,2.1,0.42,1.79,34,38,76,136,218,1.85,0.35,1.41,9
43.2,48.8,96.4,145.2,241.6,2.09,0.42,1.44,48,52,110,158,266,2.39,0.45,1.56,38,44,78,138,216,1.77,0.36,1.33,9
55.2,62.4,114.0,165.6,279.6,2.29,0.43,1.75,62,78,132,182,304,2.44,0.49,1.98,42,54,86,144,230,2.14,0.41,1.52,9
46.0,52.0,95.2,149.6,244.8,3.28,0.42,2.43,56,64,112,188,300,5.63,0.48,5.36,38,46,84,96,184,2.01,0.35,1.37,9
46.0,59.2,96.8,163.6,260.4,2.4,0.42,1.67,60,70,116,174,286,2.62,0.48,1.85,36,48,80,156,236,2.28,0.39,1.44,9
44.4,42.8,89.2,139.2,228.4,2.13,0.38,1.63,56,52,112,166,278,3.01,0.41,2.53,38,34,72,102,174,1.83,0.32,1.23,9
47.2,46.4,92.4,153.2,245.6,1.87,0.37,1.45,54,60,106,170,272,2.46,0.44,1.6,36,40,86,138,224,1.34,0.32,1.31,9
46.8,46.8,96.0,157.2,253.2,2.02,0.38,1.44,62,52,104,168,270,2.42,0.42,1.57,40,40,86,142,232,1.69,0.33,1.26,9
36.8,42.4,77.2,126.4,203.6,2.49,0.43,2.03,50,46,86,148,230,4.55,0.61,5.09,30,36,64,60,124,1.82,0.36,1.15,9
42.4,56.4,98.4,171.6,270.0,2.01,0.42,1.27,56,66,108,182,288,2.42,0.44,1.78,24,48,80,160,256,1.64,0.35,0.78,9
44.4,51.2,106.4,164.8,271.2,2.03,0.42,1.47,56,58,138,172,296,2.37,0.43,1.73,40,44,92,158,250,1.37,0.39,1.23,9
45.6,46.0,100.8,152.0,252.8,1.83,0.4,1.42,50,62,106,162,268,2.16,0.45,1.74,42,36,96,138,234,1.53,0.35,1.32,9
49.2,44.0,96.0,156.8,252.8,1.89,0.36,1.28,72,46,134,186,320,2.12,0.43,1.44,36,40,72,132,218,1.71,0.33,0.99,9
39.6,50.4,98.0,168.8,266.8,1.9,0.41,1.25,46,54,106,184,290,2.06,0.43,1.38,34,44,90,156,256,1.66,0.38,1.17,9
40.4,56.4,100.8,175.2,276.0,2.27,0.42,1.17,50,70,114,184,298,2.69,0.45,1.34,32,50,90,168,258,1.9,0.4,1.02,9
47.6,54.0,113.2,176.4,289.6,1.92,0.41,1.31,52,70,168,196,364,2.11,0.52,1.4,40,44,88,164,260,1.25,0.35,1.22,9
50.4,55.2,105.6,174.4,280.0,2.01,0.39,1.29,66,60,128,190,300,2.16,0.41,1.36,44,48,92,160,252,1.87,0.37,1.22,9
47.2,48.8,94.4,156.0,250.4,2.05,0.38,1.51,56,60,108,184,286,2.25,0.41,1.7,40,40,84,130,216,1.87,0.34,1.36,9
48.0,40.4,96.4,144.4,240.8,1.63,0.37,1.3,76,48,132,160,276,1.94,0.4,1.43,36,36,80,120,200,1.08,0.34,1.12,9
52.8,46.0,104.4,166.0,270.4,1.86,0.36,1.46,74,52,134,174,308,2.17,0.38,1.57,38,38,90,150,240,1.4,0.31,1.38,9
42.4,48.0,91.6,147.6,239.2,2.07,0.41,1.49,54,56,98,180,278,2.34,0.5,2.05,32,44,72,98,192,1.7,0.37,0.97,9
